2 Janvier 3 36 30 16 24 9
4 Janvier 10 23 2 43 34 5
7 Janvier 1 6 12 10 8 8
9 Janvier 34 15 26 25 32 4
11 Janvier 9 7 44 36 23 7
14 Janvier 1 38 19 49 29 8
16 Janvier 39 36 29 47 38 8
18 Janvier 21 9 33 13 42 4
21 Janvier 36 23 1 31 17 4
23 Janvier 39 44 48 20 25 6
25 Janvier 2 23 8 30 48 5
28 Janvier 23 12 47 15 18 6
30 Janvier 22 40 1 35 32 8
1 Février 16 5 49 43 2 7
4 Février 38 32 10 17 9 3
6 Février 15 49 24 13 29 3
8 Février 27 19 12 37 15 3
11 Février 11 12 46 32 36 6
13 Février 23 9 22 24 36 5
15 Février 11 36 10 22 31 1
18 Février 49 48 5 17 47 6
20 Février 34 31 9 3 35 5
22 Février 43 33 39 11 31 10
25 Février 8 7 19 4 27 1
27 Février 45 41 33 8 23 1
29 Février 14 27 11 17 35 4
3 Mars 2 24 3 39 27 8
5 Mars 31 30 28 34 17 3
7 Mars 6 39 31 22 16 7
10 Mars 2 40 4 44 37 5
12 Mars 48 25 16 46 14 10
14 Mars 13 7 31 36 43 9
17 Mars 32 14 49 23 13 1
19 Mars 10 28 4 11 15 4
21 Mars 8 14 43 37 48 5
24 Mars 48 8 18 13 11 8
26 Mars 36 14 49 29 13 6
28 Mars 15 20 45 17 4 9
31 Mars 16 25 1 26 2 9
2 Avril 33 23 3 19 39 2
4 Avril 36 40 27 38 11 8
7 Avril 46 19 45 42 47 8
9 Avril 26 14 31 33 2 10
11 Avril 49 27 15 29 19 1
14 Avril 1 22 45 40 3 1
16 Avril 2 21 13 1 16 2
18 Avril 34 5 3 20 24 3
21 Avril 41 3 48 31 18 10
23 Avril 33 9 34 45 24 6
25 Avril 44 15 20 30 29 7
28 Avril 48 22 10 2 37 4
30 Avril 39 22 32 18 4 4
2 Mai 35 26 29 3 38 1
5 Mai 21 10 37 8 11 9
7 Mai 21 13 26 46 12 10
9 Mai 36 26 18 41 32 4
12 Mai 6 34 22 20 19 5
14 Mai 26 11 3 22 43 6
16 Mai 21 49 22 15 31 1
19 Mai 11 23 48 24 42 2
21 Mai 37 45 23 19 7 10
23 Mai 19 1 35 49 3 9
26 Mai 27 47 40 41 29 7
28 Mai 30 42 38 15 41 3
30 Mai 9 30 13 17 5 3
2 Juin 26 9 34 39 22 1
4 Juin 38 42 35 43 40 4
6 Juin 21 23 12 24 13 6
9 Juin 13 25 14 18 20 6
11 Juin 20 6 16 4 29 1
13 Juin 33 48 20 8 3 10
16 Juin 14 31 1 39 27 6
18 Juin 37 5 7 16 38 3
20 Juin 36 33 15 41 47 5
23 Juin 41 12 6 47 27 3
25 Juin 27 11 40 10 13 7
27 Juin 22 41 5 1 11 7
30 Juin 13 45 1 42 12 4
2 Juillet 2 15 7 46 6 5
4 Juillet 13 40 37 17 39 6
7 Juillet 5 30 17 1 44 1
9 Juillet 15 38 41 45 26 3
11 Juillet 23 20 30 21 36 9
14 Juillet 22 44 40 5 41 6
16 Juillet 3 32 6 19 37 2
18 Juillet 26 25 4 28 32 5
21 Juillet 22 3 1 44 40 3
23 Juillet 40 31 38 23 28 3
25 Juillet 17 16 14 32 36 6
28 Juillet 29 4 6 39 7 3
30 Juillet 35 6 38 4 13 3
1 Aout 33 45 17 30 11 6
4 Aout 29 49 34 26 25 6
6 Aout 12 7 10 34 47 7
8 Aout 32 35 42 11 1 4
11 Aout 7 1 10 45 44 9
13 Aout 49 25 12 16 4 4
15 Aout 13 24 2 15 19 5
18 Aout 25 26 42 12 2 7
20 Aout 45 26 33 27 11 2
22 Aout 14 13 18 33 22 7
25 Aout 9 13 2 29 10 9
27 Aout 18 32 40 7 8 5
29 Aout 20 29 26 11 8 9
1 Septembre 28 5 22 25 13 10
3 Septembre 34 27 22 18 37 3
5 Septembre 37 8 1 26 10 4
8 Septembre 9 22 43 34 15 4
10 Septembre 19 28 43 3 25 9
12 Septembre 32 1 49 12 38 8
15 Septembre 17 21 43 37 15 2
17 Septembre 16 25 14 7 17 7
19 Septembre 49 5 34 27 41 7
22 Septembre 17 23 37 44 25 9
24 Septembre 41 18 40 1 21 6
26 Septembre 42 29 38 12 46 9
29 Septembre 21 18 47 10 7 1
1 Octobre 34 2 40 29 41 6
3 Octobre 16 44 25 26 24 1
6 Octobre 27 1 47 30 39 4
8 Octobre 13 24 27 32 39 2
10 Octobre 3 16 19 35 37 3
12 Octobre 13 20 45 48 49 3
13 Octobre 1 16 35 41 49 4
15 Octobre 7 11 23 39 44 8
17 Octobre 10 13 19 20 32 2
20 Octobre 11 14 24 34 41 5
22 Octobre 14 24 25 28 41 5
24 Octobre 5 17 24 30 40 7
27 Octobre 2 10 29 41 47 1
29 Octobre 13 16 19 38 46 7
31 Octobre 5 16 23 29 41 1
3 Novembre 9 11 15 22 36 8
5 Novembre 9 14 27 33 37 7
7 Novembre 2 16 21 34 40 7
10 Novembre 3 17 19 43 46 5
12 Novembre 6 20 25 45 48 7
14 Novembre 21 29 39 40 46 8
17 Novembre 6 8 27 33 37 7
19 Novembre 1 3 6 16 41 1
21 Novembre 4 6 10 43 46 10
24 Novembre 5 18 19 21 28 2
26 Novembre 9 15 35 44 48 6
28 Novembre 4 11 16 28 34 1
1 Décembre 12 19 25 44 45 10
3 Décembre 6 11 16 25 39 6
5 Décembre 24 27 28 36 45 8
8 Décembre 22 24 28 45 47 2
10 Décembre 4 16 20 36 47 8
12 Décembre 19 20 32 36 37 4
15 Décembre 11 24 26 33 41 9
17 Décembre 16 27 29 32 39 5
19 Décembre 5 10 19 25 49 8
22 Décembre 1 2 24 34 47 1
24 Décembre 5 7 12 32 47 6
26 Décembre 2 3 5 17 31 9
29 Décembre 7 11 23 37 45 4
31 Décembre 4 21 36 44 47 3