2 Janvier 43 5 23 49 17 4
4 Janvier 33 21 41 18 32 9
6 Janvier 19 49 31 44 38 3
9 Janvier 35 4 14 23 46 7
11 Janvier 24 20 31 36 6 4
13 Janvier 31 4 14 37 7 8
16 Janvier 21 38 32 3 33 10
18 Janvier 8 7 22 28 38 10
20 Janvier 13 37 48 45 28 9
23 Janvier 24 39 2 13 48 1
25 Janvier 6 8 31 45 36 9
27 Janvier 10 15 43 45 5 9
30 Janvier 44 26 18 21 47 3
1 Février 29 1 39 40 18 2
3 Février 44 48 7 30 13 7
6 Février 16 37 18 5 34 5
8 Février 36 13 24 7 42 4
10 Février 6 45 19 12 11 10
13 Février 1 7 38 3 14 5
15 Février 48 39 24 8 15 8
17 Février 23 40 26 22 29 5
20 Février 34 49 36 39 23 8
22 Février 41 48 18 11 24 2
24 Février 45 2 1 27 31 8
27 Février 13 40 2 10 35 1
1 Mars 19 11 8 48 49 7
3 Mars 17 37 23 25 2 7
6 Mars 5 18 26 9 36 9
8 Mars 23 11 43 49 10 10
10 Mars 36 13 44 1 48 2
13 Mars 32 37 16 6 8 7
15 Mars 18 15 1 4 38 6
17 Mars 46 1 24 18 9 7
20 Mars 15 36 28 49 2 3
22 Mars 44 34 25 47 29 9
24 Mars 28 9 35 8 42 6
27 Mars 43 42 9 21 46 6
29 Mars 2 44 41 34 46 2
31 Mars 46 28 21 39 49 1
3 Avril 35 39 20 48 42 2
5 Avril 17 18 36 21 47 6
7 Avril 28 11 2 33 43 1
10 Avril 33 13 49 36 22 4
12 Avril 4 36 11 31 46 10
14 Avril 9 12 29 2 21 7
17 Avril 24 42 16 9 32 3
19 Avril 44 22 17 38 2 8
21 Avril 24 26 35 9 1 4
24 Avril 17 34 27 3 41 4
26 Avril 29 24 4 46 7 10
28 Avril 34 49 9 25 38 1
1 Mai 39 28 3 42 6 5
3 Mai 8 11 12 26 48 6
5 Mai 10 30 18 27 4 1
8 Mai 16 29 31 39 1 2
10 Mai 41 4 35 33 10 5
12 Mai 28 22 27 14 23 4
15 Mai 32 31 44 27 9 8
17 Mai 9 27 26 29 36 5
19 Mai 24 12 17 38 30 7
22 Mai 2 48 40 46 17 10
24 Mai 8 35 29 12 3 1
26 Mai 47 3 35 22 6 1
29 Mai 33 21 49 26 46 1
31 Mai 46 49 32 5 33 1
2 Juin 43 11 14 23 17 10
5 Juin 37 43 31 45 22 5
7 Juin 29 48 42 28 26 1
9 Juin 14 48 44 24 20 10
12 Juin 30 43 48 24 15 7
14 Juin 15 48 23 49 45 2
16 Juin 40 48 15 9 3 10
19 Juin 21 23 19 36 49 4
21 Juin 45 35 24 37 48 2
23 Juin 16 27 41 1 35 1
26 Juin 47 16 11 37 7 10
28 Juin 41 49 42 19 12 8
30 Juin 14 44 28 18 17 2
3 Juillet 10 46 2 33 28 8
5 Juillet 39 33 43 22 31 10
7 Juillet 20 47 49 26 31 10
10 Juillet 27 32 12 42 30 7
12 Juillet 47 11 15 24 38 6
14 Juillet 48 30 5 26 11 1
17 Juillet 32 28 47 20 22 6
19 Juillet 27 24 16 10 47 5
21 Juillet 43 45 21 3 9 1
24 Juillet 18 43 16 7 33 5
26 Juillet 4 42 37 23 43 7
28 Juillet 25 37 7 10 47 10
31 Juillet 2 25 44 28 8 4
2 Aout 16 32 44 38 37 3
4 Aout 32 8 46 22 9 8
7 Aout 43 6 46 27 5 7
9 Aout 7 15 18 8 25 6
11 Aout 7 22 8 26 5 2
14 Aout 21 27 9 49 11 5
16 Aout 13 22 40 28 31 9
18 Aout 49 43 46 27 23 6
21 Aout 8 44 14 48 29 7
23 Aout 49 41 9 28 16 5
25 Aout 39 49 23 19 36 3
28 Aout 13 16 18 20 19 2
30 Aout 22 49 28 3 16 4
1 Septembre 20 39 33 21 16 2
4 Septembre 11 42 9 49 15 3
6 Septembre 29 22 17 19 43 8
8 Septembre 24 47 21 44 13 3
11 Septembre 36 41 45 13 7 5
13 Septembre 33 39 25 43 8 8
15 Septembre 40 1 30 8 38 6
18 Septembre 7 43 33 11 1 1
20 Septembre 1 37 25 45 17 9
22 Septembre 37 38 2 14 17 1
25 Septembre 42 5 12 29 21 2
27 Septembre 15 1 23 22 46 9
29 Septembre 41 32 33 25 26 3
2 Octobre 35 13 16 41 7 1
4 Octobre 7 46 31 29 9 8
6 Octobre 33 6 43 25 37 1
9 Octobre 17 43 23 2 26 3
11 Octobre 9 20 35 4 1 8
13 Octobre 33 22 9 44 25 3
16 Octobre 37 22 46 13 1 9
18 Octobre 1 31 38 26 29 5
20 Octobre 13 24 33 18 11 7
23 Octobre 47 49 9 16 14 7
25 Octobre 4 36 40 10 41 10
27 Octobre 32 13 15 46 3 5
30 Octobre 38 35 4 22 14 5
1 Novembre 17 24 28 1 15 10
3 Novembre 46 33 15 6 49 1
6 Novembre 24 19 35 7 42 3
8 Novembre 35 6 9 14 47 9
10 Novembre 47 48 20 39 16 4
13 Novembre 5 17 25 38 29 2
15 Novembre 33 47 14 20 17 1
17 Novembre 30 38 4 9 46 10
20 Novembre 27 12 11 29 1 2
22 Novembre 4 21 17 23 26 2
24 Novembre 32 20 22 47 14 5
27 Novembre 9 43 15 44 10 5
29 Novembre 15 23 16 41 30 8
1 Décembre 34 14 32 31 46 3
4 Décembre 33 12 24 7 15 6
6 Décembre 13 30 33 25 36 9
8 Décembre 19 15 44 4 24 1
11 Décembre 38 3 9 11 28 1
13 Décembre 6 14 49 40 9 3
15 Décembre 37 6 16 28 4 8
18 Décembre 35 41 40 11 22 7
20 Décembre 32 23 9 6 13 4
22 Décembre 8 18 36 1 29 9
25 Décembre 16 30 29 7 10 5
27 Décembre 30 44 42 39 13 9
29 Décembre 47 15 46 29 11 3