3 Janvier 12 28 31 32 48 3
5 Janvier 8 31 37 45 49 7
7 Janvier 7 20 21 29 33 1
10 Janvier 2 5 18 23 33 4
12 Janvier 13 15 20 27 34 1
14 Janvier 2 7 18 21 23 6
17 Janvier 19 30 39 40 43 4
19 Janvier 4 7 18 25 35 4
21 Janvier 6 19 34 42 49 10
24 Janvier 5 13 21 36 44 1
26 Janvier 17 18 27 35 40 6
28 Janvier 9 12 16 33 41 1
31 Janvier 4 14 25 31 46 5
2 Février 1 11 14 16 17 10
4 Février 9 24 28 35 49 4
7 Février 7 19 21 29 37 2
9 Février 4 27 34 40 49 2
11 Février 13 17 24 40 45 3
13 Février 5 19 23 32 37 8
14 Février 2 26 27 38 41 7
16 Février 1 9 14 20 36 2
18 Février 9 21 25 29 44 7
21 Février 3 13 27 45 47 4
23 Février 3 4 22 28 40 2
25 Février 20 29 30 44 47 1
28 Février 5 14 30 36 46 6
2 Mars 11 17 23 27 48 1
4 Mars 8 16 23 32 34 4
7 Mars 3 9 18 43 48 2
9 Mars 26 28 31 34 35 5
11 Mars 1 2 35 36 49 4
13 Mars 1 9 13 20 34 6
14 Mars 3 8 14 30 39 10
16 Mars 7 11 35 48 49 7
18 Mars 4 10 15 26 30 5
21 Mars 21 22 28 41 47 5
23 Mars 1 3 20 48 49 7
25 Mars 9 10 17 20 43 7
28 Mars 19 20 27 39 40 8
30 Mars 4 10 13 20 32 1
1 Avril 13 20 21 25 41 4
4 Avril 15 23 28 33 39 1
6 Avril 1 16 17 31 33 3
8 Avril 2 15 30 36 38 2
11 Avril 5 17 33 41 45 9
13 Avril 9 36 41 43 48 2
15 Avril 6 10 30 39 43 5
18 Avril 1 20 38 44 49 3
20 Avril 2 10 15 28 37 2
22 Avril 10 21 25 43 45 5
25 Avril 10 20 27 29 30 6
27 Avril 5 15 28 41 43 4
29 Avril 2 20 35 42 49 3
2 Mai 3 19 30 33 46 5
4 Mai 8 14 30 48 49 1
6 Mai 7 29 32 34 35 10
9 Mai 4 8 29 40 46 3
11 Mai 1 28 31 34 49 4
13 Mai 6 15 22 37 45 5
16 Mai 8 22 23 39 46 3
18 Mai 2 10 38 39 41 5
20 Mai 10 12 22 37 41 10
23 Mai 12 19 26 41 45 7
25 Mai 15 29 35 44 49 3
27 Mai 8 22 29 32 42 3
30 Mai 6 30 43 45 47 5
1 Juin 3 4 12 38 49 2
3 Juin 12 18 25 30 47 2
6 Juin 4 24 29 30 47 3
8 Juin 3 8 9 41 44 10
10 Juin 8 12 19 40 46 8
13 Juin 11 15 16 29 46 4
15 Juin 16 19 22 35 37 2
17 Juin 26 30 41 44 48 1
20 Juin 3 8 13 32 37 4
22 Juin 24 35 37 38 43 2
24 Juin 25 29 38 41 49 2
27 Juin 14 29 40 42 47 4
29 Juin 2 12 14 16 42 7
1 Juillet 5 18 19 38 49 10
4 Juillet 4 29 38 40 49 3
6 Juillet 12 17 35 36 43 3
8 Juillet 5 20 32 39 42 7
11 Juillet 4 14 23 26 36 1
13 Juillet 22 29 31 37 39 8
15 Juillet 2 14 30 43 46 8
18 Juillet 18 35 37 41 45 3
20 Juillet 2 17 24 29 31 1
22 Juillet 24 30 31 33 36 1
25 Juillet 5 7 10 13 43 4
27 Juillet 6 14 28 37 41 5
29 Juillet 2 3 22 36 42 9
1 Aout 9 23 24 31 34 9
3 Aout 1 10 39 48 49 1
5 Aout 9 10 22 34 36 4
8 Aout 8 11 12 33 35 9
10 Aout 12 14 28 37 44 5
12 Aout 1 8 15 24 43 2
15 Aout 6 13 25 47 49 4
17 Aout 9 26 29 36 42 1
19 Aout 6 21 34 38 45 4
22 Aout 4 19 20 29 49 9
24 Aout 5 6 17 30 42 1
26 Aout 15 26 37 41 44 8
29 Aout 2 23 38 40 43 8
31 Aout 1 12 31 38 41 4
2 Septembre 6 9 17 28 29 2
5 Septembre 14 24 25 42 45 9
7 Septembre 5 19 21 29 32 3
9 Septembre 3 10 19 41 44 7
12 Septembre 1 30 31 38 41 10
14 Septembre 3 37 43 48 49 2
16 Septembre 7 11 17 34 42 6
19 Septembre 2 16 25 33 43 9
21 Septembre 12 27 28 42 47 5
23 Septembre 18 20 31 35 49 3
26 Septembre 4 13 14 21 24 1
28 Septembre 23 36 37 39 49 8
30 Septembre 15 16 18 26 35 7
3 Octobre 8 18 20 27 37 4
5 Octobre 13 27 28 31 42 6
7 Octobre 2 14 27 28 29 9
10 Octobre 15 23 30 41 45 7
12 Octobre 1 3 4 16 49 4
14 Octobre 6 20 33 35 38 2
17 Octobre 9 14 22 33 46 8
19 Octobre 31 33 36 47 48 7
21 Octobre 22 25 26 31 35 6
24 Octobre 7 11 12 29 39 2
26 Octobre 4 17 19 23 49 3
28 Octobre 2 5 17 30 49 2
31 Octobre 33 34 36 43 48 10
2 Novembre 7 8 21 32 48 4
4 Novembre 8 11 15 21 32 6
7 Novembre 4 7 23 28 32 1
9 Novembre 8 25 32 37 39 10
11 Novembre 1 6 13 15 17 2
13 Novembre 1 9 10 27 39 3
14 Novembre 10 29 34 37 47 10
16 Novembre 12 28 40 42 47 1
18 Novembre 1 5 23 25 47 1
21 Novembre 12 16 18 24 43 10
23 Novembre 12 14 20 37 47 6
25 Novembre 7 18 22 24 41 3
28 Novembre 12 19 30 37 46 9
30 Novembre 5 19 27 35 40 9
2 Décembre 3 9 10 39 45 7
5 Décembre 9 20 26 27 47 7
7 Décembre 14 22 28 37 42 10
9 Décembre 6 10 12 34 49 7
12 Décembre 2 13 15 34 40 8
14 Décembre 7 11 20 31 49 7
16 Décembre 22 24 35 41 46 10
19 Décembre 4 25 38 39 42 7
21 Décembre 7 11 19 33 41 3
23 Décembre 13 17 28 42 46 2
26 Décembre 15 20 21 38 43 1
28 Décembre 7 10 12 20 45 7
30 Décembre 1 2 16 25 34 5