2 Janvier 2 12 26 29 36 7
5 Janvier 6 7 18 40 48 7
7 Janvier 1 7 12 19 31 10
9 Janvier 6 15 19 21 46 10
12 Janvier 11 19 24 25 34 8
14 Janvier 1 11 33 35 44 10
16 Janvier 1 10 11 15 31 3
19 Janvier 10 16 34 37 39 7
21 Janvier 17 20 26 30 47 6
23 Janvier 17 24 25 38 41 10
26 Janvier 12 14 16 30 42 2
28 Janvier 6 15 30 37 47 6
30 Janvier 11 15 20 30 47 9
2 Février 5 7 27 32 35 3
4 Février 12 24 37 40 42 1
6 Février 4 15 21 22 26 10
9 Février 3 40 42 45 47 9
11 Février 13 15 25 43 48 5
13 Février 7 14 29 41 43 3
16 Février 7 8 11 25 46 7
18 Février 7 9 11 18 33 9
20 Février 8 15 25 29 34 1
23 Février 3 4 13 44 45 5
25 Février 7 37 38 44 48 7
27 Février 1 4 14 19 34 2
2 Mars 16 25 38 42 46 9
4 Mars 4 11 15 33 36 2
6 Mars 14 15 23 44 46 5
9 Mars 15 32 35 43 47 10
11 Mars 5 6 16 24 25 1
13 Mars 5 8 20 29 32 3
16 Mars 1 19 22 31 33 1
18 Mars 23 24 38 44 45 6
20 Mars 2 3 13 21 40 8
23 Mars 1 12 26 28 40 6
25 Mars 22 23 24 46 47 2
27 Mars 10 19 25 45 49 1
30 Mars 2 3 15 41 44 3
1 Avril 11 14 32 35 46 10
3 Avril 10 16 18 38 45 3
6 Avril 13 19 24 26 27 7
8 Avril 9 13 15 24 26 9
10 Avril 14 16 22 23 42 5
13 Avril 1 9 17 24 46 8
15 Avril 17 32 38 40 44 6
17 Avril 8 17 29 34 48 3
20 Avril 4 15 30 45 49 3
22 Avril 5 7 21 29 39 7
24 Avril 3 11 13 15 35 3
27 Avril 17 25 26 27 33 2
29 Avril 6 29 33 39 43 2
1 Mai 16 25 26 34 48 8
4 Mai 3 18 24 29 38 9
6 Mai 5 23 24 35 38 3
8 Mai 2 4 16 20 35 5
11 Mai 19 24 34 44 45 2
13 Mai 15 24 37 40 41 4
15 Mai 27 38 42 44 46 1
18 Mai 4 10 19 42 46 5
20 Mai 14 29 32 41 43 1
22 Mai 1 27 37 48 49 1
25 Mai 2 13 42 43 47 10
27 Mai 13 18 28 33 42 9
29 Mai 6 13 14 36 48 2
1 Juin 13 20 26 35 45 3
3 Juin 9 12 33 41 42 1
5 Juin 17 26 28 38 47 7
8 Juin 9 10 14 41 45 1
10 Juin 9 18 24 39 49 8
12 Juin 3 25 31 38 45 9
15 Juin 2 13 20 30 37 6
17 Juin 12 13 20 31 49 2
19 Juin 4 18 36 45 46 5
22 Juin 10 13 20 25 27 2
24 Juin 1 16 32 33 45 6
26 Juin 4 7 30 43 47 10
29 Juin 1 3 4 42 46 3
1 Juillet 3 17 23 38 41 3
3 Juillet 8 31 38 39 45 8
6 Juillet 2 6 12 13 27 10
8 Juillet 11 20 26 33 38 10
10 Juillet 7 21 29 35 47 6
13 Juillet 18 27 37 48 49 10
14 Juillet 8 20 26 30 45 1
15 Juillet 1 3 10 13 19 4
17 Juillet 4 26 27 28 47 8
20 Juillet 17 18 21 29 35 6
22 Juillet 7 11 28 37 44 3
24 Juillet 10 25 32 39 40 10
27 Juillet 25 28 31 39 47 8
29 Juillet 3 6 21 29 47 3
31 Aout 8 18 30 32 36 5
3 Aout 4 5 7 10 23 4
5 Aout 5 22 26 33 45 9
7 Aout 5 26 28 29 36 4
10 Aout 4 9 12 18 37 3
12 Aout 9 20 30 31 34 10
14 Aout 17 27 34 45 48 2
17 Aout 1 8 21 28 37 2
19 Aout 2 7 14 28 31 3
21 Aout 1 3 17 25 38 8
24 Aout 15 17 23 31 38 4
26 Aout 4 21 27 46 47 6
28 Aout 7 14 25 42 47 5
30 Aout 19 21 25 38 47 4
2 Septembre 2 6 21 33 44 4
4 Septembre 2 4 7 25 35 3
7 Septembre 2 12 16 27 30 2
9 Septembre 2 5 28 42 44 8
11 Septembre 6 14 19 27 35 10
13 Septembre 9 10 22 28 32 6
14 Septembre 18 19 23 26 28 9
16 Septembre 13 31 32 35 42 5
18 Septembre 3 5 6 16 36 10
21 Septembre 8 15 41 42 44 10
23 Septembre 20 29 34 36 42 4
25 Septembre 1 7 15 22 26 3
28 Septembre 12 15 18 19 40 5
30 Septembre 2 23 33 43 47 2
2 Octobre 32 33 35 37 49 3
5 Octobre 2 16 30 31 38 5
7 Octobre 2 4 11 19 35 5
9 Octobre 14 17 36 39 44 5
12 Octobre 10 12 16 27 37 9
14 Octobre 6 16 18 24 48 9
16 Octobre 5 18 19 30 35 2
19 Octobre 23 24 31 32 36 8
21 Octobre 3 13 40 42 48 4
23 Octobre 31 33 40 44 49 1
26 Octobre 11 13 20 30 44 9
28 Octobre 17 18 35 36 46 4
30 Octobre 2 13 22 46 48 1
2 Novembre 1 13 16 18 41 3
4 Novembre 1 9 16 39 42 7
6 Novembre 23 27 42 43 44 10
9 Novembre 6 18 24 26 29 3
11 Novembre 13 14 25 27 28 5
13 Novembre 10 13 19 22 35 1
16 Novembre 10 12 29 30 49 9
18 Novembre 6 12 15 31 44 7
20 Novembre 7 22 23 30 37 3
23 Novembre 4 9 22 27 28 4
25 Novembre 33 35 38 41 44 8
27 Novembre 2 15 18 29 44 4
30 Novembre 7 16 17 25 48 3
2 Décembre 11 14 28 39 42 9
4 Décembre 8 26 30 35 40 2
7 Décembre 10 29 38 40 44 8
9 Décembre 1 15 24 25 34 8
11 Décembre 1 25 33 40 48 8
13 Décembre 6 8 19 29 43 6
14 Décembre 3 4 17 38 48 9
16 Décembre 10 26 35 38 39 6
18 Décembre 5 6 7 17 23 9
21 Décembre 19 22 23 27 48 2
23 Décembre 7 20 32 36 37 2
25 Décembre 15 24 36 40 45 9
28 Décembre 8 18 24 48 49 8
30 Décembre 12 32 34 38 48 6