3 Janvier 47 22 24 12 38 1
5 Janvier 8 29 36 25 11 2
7 Janvier 37 39 9 33 11 8
10 Janvier 49 40 21 10 44 2
12 Janvier 47 11 29 4 9 8
14 Janvier 5 42 1 19 13 3
17 Janvier 2 46 27 37 5 4
19 Janvier 39 38 7 32 26 9
21 Janvier 32 47 10 35 3 3
24 Janvier 5 40 15 20 28 10
26 Janvier 39 8 13 49 10 10
28 Janvier 40 7 41 38 46 5
31 Janvier 6 31 40 18 36 7
2 Février 4 38 12 31 41 8
4 Février 20 43 47 27 10 3
7 Février 4 16 34 22 49 10
9 Février 17 13 31 3 46 5
11 Février 35 46 10 1 14 8
14 Février 12 24 18 44 16 4
16 Février 46 23 29 21 16 4
18 Février 28 40 10 23 43 9
21 Février 47 21 48 39 40 5
23 Février 3 14 34 31 22 7
25 Février 15 4 21 30 36 4
28 Février 45 14 41 25 16 10
2 Mars 41 29 14 48 8 10
4 Mars 7 9 29 25 10 6
7 Mars 36 15 24 2 22 8
9 Mars 27 32 5 40 3 9
11 Mars 4 7 11 22 8 5
14 Mars 27 18 20 11 38 6
16 Mars 27 45 35 36 44 2
18 Mars 42 3 39 20 34 2
21 Mars 45 32 15 2 39 10
23 Mars 1 25 10 2 33 4
25 Mars 10 34 15 33 5 7
28 Mars 19 26 23 22 27 2
30 Mars 32 47 45 29 24 10
1 Avril 37 27 30 22 45 3
4 Avril 37 41 27 8 45 6
6 Avril 43 33 48 31 28 7
8 Avril 46 33 10 34 7 6
11 Avril 21 5 2 23 19 7
13 Avril 20 24 30 11 9 1
15 Avril 23 43 37 12 39 8
18 Avril 31 20 45 12 32 8
20 Avril 11 34 38 43 12 3
22 Avril 2 31 49 33 43 9
25 Avril 34 23 49 9 20 8
27 Avril 9 37 21 34 4 2
29 Avril 4 30 29 26 15 3
2 Mai 7 15 11 5 23 1
4 Mai 33 1 23 12 46 1
6 Mai 48 36 13 20 44 1
9 Mai 45 28 22 30 20 3
11 Mai 15 27 48 9 34 6
13 Mai 38 36 49 39 12 10
16 Mai 1 2 26 44 7 9
18 Mai 49 26 35 34 28 4
20 Mai 35 28 15 3 23 10
23 Mai 38 13 33 3 25 3
25 Mai 46 40 6 3 25 4
27 Mai 7 48 5 3 23 7
30 Mai 30 25 34 14 10 9
1 Juin 18 26 47 24 35 1
3 Juin 46 21 32 26 14 6
6 Juin 32 46 13 33 15 10
8 Juin 31 29 41 25 22 5
10 Juin 45 42 27 49 48 7
13 Juin 39 16 46 28 24 4
15 Juin 49 11 41 21 40 4
17 Juin 3 27 41 8 37 2
20 Juin 26 27 49 21 33 7
22 Juin 36 17 42 28 41 4
24 Juin 17 21 22 16 4 1
27 Juin 13 4 3 41 6 8
29 Juin 35 43 9 28 10 8
1 Juillet 34 5 28 13 29 4
4 Juillet 39 4 8 43 27 3
6 Juillet 12 31 32 44 45 2
8 Juillet 16 4 10 6 5 3
11 Juillet 14 17 35 5 42 1
13 Juillet 26 2 20 34 18 1
15 Juillet 4 1 23 14 25 10
18 Juillet 44 14 26 34 9 9
20 Juillet 27 23 44 34 5 1
22 Juillet 24 35 45 28 17 6
25 Juillet 27 40 3 14 33 9
27 Juillet 18 47 7 13 48 4
29 Juillet 16 25 14 35 3 3
1 Aout 44 10 18 45 22 6
3 Aout 9 38 18 26 49 8
5 Aout 40 10 29 20 43 7
8 Aout 41 20 16 38 2 9
10 Aout 5 22 31 2 24 6
12 Aout 6 33 17 34 39 5
15 Aout 1 41 32 24 27 9
17 Aout 2 9 17 14 25 9
19 Aout 35 42 7 33 28 10
22 Aout 31 21 8 27 29 10
24 Aout 22 18 33 28 11 2
26 Aout 44 31 7 38 14 1
29 Aout 34 7 27 23 19 7
31 Aout 16 13 1 5 20 2
2 Septembre 17 5 12 6 15 1
5 Septembre 1 37 17 44 20 8
7 Septembre 8 21 4 31 39 2
9 Septembre 1 12 23 22 7 4
12 Septembre 41 11 4 29 7 4
14 Septembre 9 18 43 32 22 1
16 Septembre 40 7 21 25 30 1
19 Septembre 12 27 38 33 19 7
21 Septembre 3 4 38 46 7 2
23 Septembre 24 42 4 47 5 6
26 Septembre 2 37 43 21 25 9
28 Septembre 30 20 16 3 44 4
30 Septembre 33 35 40 5 2 4
3 Octobre 47 15 49 7 9 7
5 Octobre 21 12 20 11 32 4
7 Octobre 4 1 21 12 46 8
10 Octobre 3 38 1 23 16 3
12 Octobre 38 7 48 43 28 5
14 Octobre 6 35 36 42 24 2
17 Octobre 12 49 8 20 16 5
19 Octobre 4 31 11 3 6 1
21 Octobre 10 49 26 15 1 7
24 Octobre 39 28 15 38 27 10
26 Octobre 49 47 42 1 3 7
28 Octobre 8 11 7 37 30 3
31 Octobre 23 39 36 27 30 2
2 Novembre 17 34 23 40 9 9
4 Novembre 33 18 19 22 23 1
7 Novembre 1 41 13 3 18 1
9 Novembre 3 2 29 48 1 9
11 Novembre 41 47 22 17 7 6
14 Novembre 39 16 47 28 24 9
16 Novembre 20 32 36 19 27 7
18 Novembre 24 20 22 19 1 6
21 Novembre 20 33 46 40 12 6
23 Novembre 13 12 3 37 30 8
25 Novembre 14 33 39 15 11 6
28 Novembre 35 37 41 15 39 4
30 Novembre 12 43 7 23 27 6
2 Décembre 10 47 20 28 21 6
5 Décembre 28 22 7 16 39 7
7 Décembre 20 42 43 33 19 5
9 Décembre 1 31 11 22 23 1
12 Décembre 4 30 13 18 39 1
14 Décembre 46 8 26 13 38 2
16 Décembre 39 15 23 49 30 5
19 Décembre 40 15 16 6 9 6
21 Décembre 38 42 28 3 27 9
23 Décembre 24 44 18 17 15 6
26 Décembre 7 6 41 25 16 5
28 Décembre 23 12 15 27 46 6
30 Décembre 21 39 5 2 15 10