2 Janvier 21 22 31 33 37 4
5 Janvier 6 30 45 46 47 6
7 Janvier 15 31 32 45 48 5
9 Janvier 22 26 29 30 33 9
12 Janvier 6 13 37 40 48 7
14 Janvier 7 10 30 35 37 6
16 Janvier 6 16 24 27 46 5
19 Janvier 9 22 23 42 45 8
21 Janvier 7 22 32 35 38 6
23 Janvier 9 11 19 36 49 6
26 Janvier 2 18 23 34 39 6
28 Janvier 20 28 29 38 40 9
30 Janvier 11 31 40 41 48 5
2 Février 6 7 33 34 45 3
4 Février 6 18 30 33 34 2
6 Février 3 7 25 33 40 1
9 Février 2 4 5 23 47 7
11 Février 1 25 36 42 45 7
13 Février 14 19 39 46 48 2
16 Février 4 19 26 27 34 6
18 Février 2 5 13 19 41 5
20 Février 6 7 8 27 42 1
23 Février 30 36 42 45 47 5
25 Février 14 17 18 43 46 2
27 Février 6 21 25 34 40 7
2 Mars 5 18 22 30 38 2
4 Mars 1 9 30 45 47 10
6 Mars 26 28 36 42 44 4
9 Mars 4 11 22 40 49 5
11 Mars 7 8 16 44 49 6
13 Mars 12 13 34 40 41 7
16 Mars 5 16 33 38 46 5
18 Mars 10 18 20 24 32 9
20 Mars 1 5 12 37 49 7
23 Mars 9 11 17 24 41 6
25 Mars 10 14 25 29 41 4
27 Mars 21 24 33 47 49 3
30 Mars 9 10 26 30 34 2
1 Avril 10 16 27 43 47 2
3 Avril 18 36 37 42 45 8
5 Avril 7 12 14 32 47 9
6 Avril 1 15 29 33 42 7
8 Avril 6 8 19 37 38 2
10 Avril 3 9 18 28 45 5
13 Avril 22 23 33 41 43 4
15 Avril 20 21 26 45 46 3
17 Avril 12 16 29 32 38 8
20 Avril 3 9 24 28 42 9
22 Avril 11 14 16 22 37 1
24 Avril 1 5 6 13 48 9
27 Avril 9 17 19 26 39 10
29 Avril 11 12 21 27 39 9
1 Mai 4 7 31 32 41 9
4 Mai 6 13 15 40 45 4
6 Mai 13 15 23 24 48 7
8 Mai 5 13 15 25 43 10
11 Mai 3 16 26 45 49 9
13 Mai 15 23 29 40 49 5
15 Mai 8 11 13 27 32 4
18 Mai 4 5 7 17 20 3
20 Mai 9 23 25 27 47 3
22 Mai 2 3 13 17 34 9
25 Mai 7 13 36 40 42 2
27 Mai 9 13 15 28 37 2
29 Mai 23 34 41 45 48 7
1 Juin 6 7 8 21 30 3
3 Juin 4 14 25 34 38 9
5 Juin 4 23 25 27 41 1
8 Juin 17 19 29 32 33 2
10 Juin 3 13 15 32 35 1
12 Juin 3 20 40 44 46 4
15 Juin 4 23 26 32 38 2
17 Juin 1 3 17 38 39 1
19 Juin 17 19 22 32 43 1
22 Juin 16 21 26 35 37 8
24 Juin 5 10 19 24 29 1
26 Juin 12 16 19 29 39 8
29 Juin 8 9 14 23 37 7
1 Juillet 5 21 31 37 38 6
3 Juillet 2 7 25 36 39 4
6 Juillet 12 13 30 35 44 2
8 Juillet 8 24 25 26 44 5
10 Juillet 14 24 31 37 39 7
13 Juillet 10 21 28 31 37 8
15 Juillet 7 33 34 43 44 9
17 Juillet 8 16 17 31 48 4
20 Juillet 9 17 28 30 48 7
22 Juillet 7 12 29 32 38 1
24 Juillet 19 27 36 37 44 3
27 Juillet 10 29 35 37 44 4
29 Juillet 4 34 35 36 40 5
31 Juillet 8 23 28 31 41 7
3 Aout 17 22 27 33 44 9
5 Aout 6 11 24 39 43 4
7 Aout 3 16 33 40 45 4
10 Aout 5 15 19 24 41 5
12 Aout 4 11 21 28 38 7
14 Aout 5 17 22 30 35 2
17 Aout 26 32 33 41 43 10
19 Aout 2 3 25 40 46 9
21 Aout 11 12 26 38 39 10
24 Aout 5 11 29 39 41 7
26 Aout 1 9 14 25 49 10
28 Aout 2 23 30 33 40 1
31 Aout 2 3 14 26 33 7
2 Septembre 8 16 20 41 46 8
4 Septembre 6 17 25 42 49 6
7 Septembre 1 11 24 25 44 3
9 Septembre 3 5 22 23 35 7
11 Septembre 6 7 13 23 35 2
13 Septembre 7 14 19 36 49 10
14 Septembre 18 24 28 43 49 7
16 Septembre 6 15 24 26 38 5
18 Septembre 4 26 35 40 45 3
21 Septembre 16 17 26 30 41 9
23 Septembre 1 2 11 21 36 1
25 Septembre 2 6 12 43 44 5
28 Septembre 1 9 29 34 45 5
30 Septembre 10 15 26 28 45 9
2 Octobre 6 11 17 21 39 7
5 Octobre 7 9 14 27 38 9
7 Octobre 6 15 16 31 46 5
9 Octobre 1 12 18 20 26 2
12 Octobre 4 17 22 24 32 8
14 Octobre 15 19 21 33 35 4
16 Octobre 9 12 14 23 40 8
19 Octobre 8 25 33 44 49 1
21 Octobre 17 25 32 35 36 7
23 Octobre 5 10 11 20 22 3
26 Octobre 3 35 40 42 47 7
28 Octobre 8 14 23 32 44 8
30 Octobre 14 21 35 46 48 1
2 Novembre 4 7 12 13 18 9
4 Novembre 8 13 15 18 24 6
6 Novembre 6 16 20 30 40 3
9 Novembre 9 12 30 33 39 4
11 Novembre 12 16 32 42 48 9
13 Novembre 7 16 36 38 47 6
16 Novembre 20 29 33 38 44 8
18 Novembre 3 28 29 36 46 10
20 Novembre 14 18 28 35 46 1
23 Novembre 2 4 12 33 48 9
25 Novembre 4 15 16 27 42 4
27 Novembre 11 12 16 34 45 9
30 Novembre 2 19 20 36 40 2
2 Décembre 19 33 34 36 40 5
4 Décembre 21 25 27 29 34 3
7 Décembre 2 8 14 17 34 7
9 Décembre 6 20 24 33 45 6
11 Décembre 4 27 39 40 43 8
13 Décembre 1 6 16 32 41 1
14 Décembre 8 18 30 45 46 1
16 Décembre 1 31 33 36 37 6
18 Décembre 8 30 36 38 46 1
21 Décembre 10 18 19 24 33 4
23 Décembre 18 29 34 37 41 5
25 Décembre 23 24 28 36 45 3
28 Décembre 1 16 20 26 32 7
30 Décembre 11 20 22 41 44 8