2 Janvier 11 19 31 38 40 5
4 Janvier 16 17 26 36 38 7
7 Janvier 21 22 24 33 46 8
9 Janvier 2 6 16 21 42 7
11 Janvier 13 19 22 28 30 3
13 Janvier 6 10 12 24 30 2
14 Janvier 16 18 19 37 44 1
16 Janvier 14 26 32 35 37 5
18 Janvier 5 29 34 47 48 4
21 Janvier 8 31 32 36 40 6
23 Janvier 5 15 17 31 49 9
25 Janvier 4 10 19 20 28 2
28 Janvier 2 5 6 10 26 5
30 Janvier 4 22 23 32 40 4
1 Février 9 17 24 45 46 7
4 Février 1 22 32 35 37 7
6 Février 19 30 31 33 40 2
8 Février 17 19 33 37 40 6
11 Février 1 15 17 29 37 3
13 Février 5 16 18 39 44 3
15 Février 8 14 16 21 24 10
18 Février 1 3 23 32 49 4
20 Février 15 20 29 41 43 10
22 Février 17 22 25 35 43 10
25 Février 11 32 40 43 48 2
27 Février 3 16 17 37 47 5
1 Mars 16 20 31 33 46 5
4 Mars 4 14 28 32 37 4
6 Mars 3 6 10 26 41 9
8 Mars 16 40 42 46 47 2
11 Mars 1 13 31 39 42 7
13 Mars 16 21 24 34 48 3
15 Mars 5 25 31 36 46 8
18 Mars 1 6 18 30 33 2
20 Mars 13 28 39 40 42 1
22 Mars 2 11 25 28 43 5
25 Mars 2 5 8 43 49 1
27 Mars 2 9 18 38 49 8
29 Mars 10 14 25 26 35 5
1 Avril 2 9 25 44 46 9
3 Avril 3 9 16 34 44 3
5 Avril 6 10 20 40 42 10
8 Avril 17 18 29 44 45 5
10 Avril 1 3 11 14 20 2
12 Avril 3 18 28 40 48 7
15 Avril 28 29 40 41 49 5
17 Avril 4 8 33 36 46 7
19 Avril 38 39 41 47 48 9
22 Avril 1 17 21 31 46 5
24 Avril 7 28 41 42 45 9
26 Avril 6 8 14 16 27 5
29 Avril 34 37 44 46 48 9
1 Mai 16 18 35 37 46 6
3 Mai 6 15 20 27 46 3
6 Mai 6 27 34 41 45 5
8 Mai 7 22 33 43 47 6
10 Mai 12 20 22 30 43 9
13 Mai 9 13 16 28 47 10
15 Mai 1 5 13 22 27 1
17 Mai 6 22 25 30 44 7
20 Mai 28 31 33 34 42 3
22 Mai 7 21 22 27 31 10
24 Mai 8 17 18 22 30 5
27 Mai 8 9 17 28 40 8
29 Mai 1 39 40 41 43 9
31 Mai 1 9 27 36 41 1
3 Juin 23 34 36 44 45 3
5 Juin 12 17 21 41 49 7
7 Juin 21 22 36 40 43 5
10 Juin 8 34 36 37 49 10
12 Juin 4 5 7 27 29 5
14 Juin 31 41 43 44 49 5
17 Juin 14 25 26 39 40 3
19 Juin 18 25 40 43 47 9
21 Juin 12 18 22 34 39 6
24 Juin 23 24 27 35 48 5
26 Juin 1 5 29 38 49 9
28 Juin 9 29 30 37 48 1
1 Juillet 16 21 26 33 47 8
3 Juillet 2 8 10 28 48 2
5 Juillet 8 17 18 29 34 6
8 Juillet 9 30 31 43 46 10
10 Juillet 17 18 21 23 43 4
12 Juillet 3 16 18 31 43 5
15 Juillet 24 29 34 37 48 2
17 Juillet 5 16 33 40 41 2
19 Juillet 6 8 9 16 26 7
22 Juillet 5 16 28 30 40 9
24 Juillet 11 14 21 35 38 3
26 Juillet 3 13 25 35 44 2
29 Juillet 10 23 24 41 45 1
31 Juillet 25 31 37 45 47 7
2 Aout 9 12 30 32 34 7
5 Aout 3 13 25 30 37 2
7 Aout 14 21 24 38 42 4
9 Aout 31 32 36 38 49 1
12 Aout 5 13 15 36 41 10
14 Aout 2 9 13 15 39 4
16 Aout 19 25 29 31 41 4
19 Aout 7 8 21 39 40 7
21 Aout 8 14 27 36 43 5
23 Aout 1 4 16 23 32 7
26 Aout 10 32 35 38 40 3
28 Aout 6 8 20 24 42 6
30 Aout 7 12 26 29 47 9
2 Septembre 1 10 14 18 40 7
4 Septembre 1 6 27 33 35 9
6 Septembre 19 28 39 46 49 4
9 Septembre 13 15 19 39 44 1
11 Septembre 12 23 42 45 48 9
13 Septembre 4 18 25 33 45 1
16 Septembre 4 16 18 37 46 5
18 Septembre 12 25 29 34 37 9
20 Septembre 4 6 17 22 37 6
23 Septembre 15 19 22 33 37 4
25 Septembre 16 17 33 34 37 6
27 Septembre 10 13 16 35 42 4
30 Septembre 3 16 27 38 44 7
2 Octobre 1 11 12 20 28 7
4 Octobre 1 20 30 34 45 9
7 Octobre 8 37 41 44 46 3
9 Octobre 3 6 15 30 47 9
11 Octobre 6 15 29 44 48 4
13 Octobre 8 21 37 39 40 7
14 Octobre 18 20 38 43 47 3
16 Octobre 5 30 32 39 48 8
18 Octobre 5 12 13 24 25 7
21 Octobre 2 6 20 21 42 8
23 Octobre 12 21 25 44 47 3
25 Octobre 3 9 19 41 43 8
28 Octobre 5 12 22 29 47 8
30 Octobre 12 32 34 42 44 5
1 Novembre 8 9 18 26 32 1
4 Novembre 6 7 23 35 38 7
6 Novembre 27 30 45 48 49 1
8 Novembre 2 13 26 37 41 5
11 Novembre 1 36 40 47 48 3
13 Novembre 3 24 29 30 43 5
15 Novembre 10 12 14 16 35 6
18 Novembre 9 13 17 37 48 1
20 Novembre 6 30 35 40 43 3
22 Novembre 1 2 10 30 39 8
25 Novembre 1 2 43 47 48 10
27 Novembre 5 6 36 39 46 6
29 Novembre 3 8 12 13 20 4
2 Décembre 24 33 35 39 45 1
4 Décembre 15 23 32 41 43 8
6 Décembre 7 12 27 30 38 1
9 Décembre 10 23 46 48 49 8
11 Décembre 26 29 34 43 47 4
13 Décembre 17 24 28 43 49 8
16 Décembre 9 15 20 48 49 6
18 Décembre 10 11 29 39 48 9
20 Décembre 6 10 11 13 24 9
22 Décembre 10 20 21 29 34 9
23 Décembre 4 6 8 44 48 10
25 Décembre 3 6 10 29 31 8
27 Décembre 6 7 14 22 48 8
30 Décembre 12 13 28 35 40 8