1 Janvier 4 7 11 24 32 10
4 Janvier 9 22 31 34 43 5
6 Janvier 10 19 26 30 49 3
8 Janvier 16 17 29 37 44 8
11 Janvier 2 13 14 23 48 3
13 Janvier 11 14 16 25 32 9
15 Janvier 8 19 22 35 46 2
18 Janvier 1 2 12 13 33 9
20 Janvier 13 26 30 31 38 1
22 Janvier 12 25 26 28 42 10
25 Janvier 7 11 17 30 36 5
27 Janvier 7 10 12 27 41 1
29 Janvier 6 14 30 31 45 8
1 Février 16 21 22 25 36 9
3 Février 7 20 31 33 49 4
5 Février 6 11 21 29 30 4
8 Février 7 12 31 45 47 10
10 Février 15 25 37 38 49 8
12 Février 17 30 38 43 47 5
14 Février 5 10 23 27 28 10
15 Février 4 5 25 45 48 7
17 Février 7 19 39 41 44 1
19 Février 16 21 40 41 46 2
22 Février 4 5 24 26 39 4
24 Février 9 15 20 27 47 7
26 Février 6 20 30 32 45 4
29 Février 5 10 19 24 37 6
2 Mars 21 26 39 40 42 5
4 Mars 10 17 30 33 49 4
7 Mars 4 5 24 35 37 2
9 Mars 5 26 33 41 42 7
11 Mars 5 14 38 45 46 1
13 Mars 7 18 19 36 46 2
14 Mars 28 31 38 41 43 10
16 Mars 4 16 23 40 44 3
18 Mars 10 28 29 46 48 9
21 Mars 7 8 16 37 42 8
23 Mars 5 21 28 48 49 2
25 Mars 24 32 34 40 45 1
28 Mars 22 23 26 32 35 5
30 Mars 12 17 21 23 37 7
1 Avril 3 28 41 42 48 6
4 Avril 2 35 39 40 42 9
6 Avril 7 18 23 29 35 4
8 Avril 6 9 16 19 26 9
11 Avril 1 8 41 43 48 7
13 Avril 1 17 19 23 42 9
15 Avril 1 3 16 31 48 6
18 Avril 1 27 33 45 47 8
20 Avril 5 7 9 37 41 6
22 Avril 28 30 40 41 43 7
25 Avril 6 10 13 24 49 3
27 Avril 11 14 19 29 41 9
29 Avril 5 7 25 29 47 1
2 Mai 9 12 22 30 43 4
4 Mai 8 9 15 33 39 10
6 Mai 10 14 15 36 48 3
9 Mai 29 35 39 47 48 7
11 Mai 3 5 17 33 34 10
13 Mai 4 17 38 43 49 8
16 Mai 19 26 27 41 46 4
18 Mai 10 14 20 30 35 9
20 Mai 14 20 39 45 47 8
23 Mai 3 22 23 28 29 2
25 Mai 9 26 30 36 42 4
27 Mai 6 12 29 31 44 6
30 Mai 5 14 16 42 44 9
1 Juin 2 24 26 32 36 7
3 Juin 12 13 16 26 44 6
6 Juin 7 14 29 43 44 5
8 Juin 2 8 22 26 46 1
10 Juin 9 11 20 36 47 2
13 Juin 5 6 25 28 32 4
15 Juin 2 22 26 47 49 2
17 Juin 10 13 20 26 46 1
20 Juin 8 14 24 33 38 5
22 Juin 5 9 21 36 39 5
24 Juin 8 17 31 34 36 7
27 Juin 1 2 6 27 39 4
29 Juin 20 21 29 46 47 7
1 Juillet 5 13 14 44 47 8
4 Juillet 13 23 27 36 44 6
6 Juillet 2 11 30 35 42 6
8 Juillet 9 26 30 37 48 8
11 Juillet 6 28 32 35 40 7
13 Juillet 2 3 24 35 46 8
15 Juillet 4 6 12 35 44 3
18 Juillet 11 22 34 42 43 4
20 Juillet 8 22 26 28 42 2
22 Juillet 4 18 20 28 38 1
25 Juillet 6 10 15 18 48 4
27 Juillet 15 19 24 25 45 3
29 Juillet 7 19 39 46 47 5
1 Aout 9 17 18 25 38 9
3 Aout 23 30 42 43 48 7
5 Aout 15 17 22 32 46 8
8 Aout 4 6 35 42 49 9
10 Aout 1 2 11 28 38 6
12 Aout 3 17 30 44 47 3
15 Aout 3 5 15 41 42 7
17 Aout 1 6 39 40 48 6
19 Aout 4 11 13 34 35 1
22 Aout 5 7 11 32 33 5
24 Aout 18 19 22 28 37 2
26 Aout 4 13 31 40 45 3
29 Aout 15 21 23 38 39 4
31 Aout 4 7 11 16 17 10
2 Septembre 3 14 21 23 47 3
5 Septembre 15 19 22 24 46 3
7 Septembre 14 31 35 37 44 7
9 Septembre 20 24 29 45 48 3
12 Septembre 12 16 21 24 46 2
14 Septembre 5 13 23 32 49 2
16 Septembre 17 19 23 28 49 7
19 Septembre 27 32 33 42 46 7
21 Septembre 16 19 38 41 46 9
23 Septembre 5 11 23 25 33 5
26 Septembre 4 8 31 39 49 9
28 Septembre 6 22 33 35 44 2
30 Septembre 2 24 26 32 49 5
3 Octobre 9 18 31 33 36 2
5 Octobre 5 6 9 19 22 5
7 Octobre 6 17 19 30 49 2
10 Octobre 26 31 42 47 48 8
12 Octobre 7 11 18 21 42 3
14 Octobre 19 26 32 39 42 6
17 Octobre 9 20 23 24 28 4
19 Octobre 7 25 28 35 48 1
21 Octobre 15 21 33 35 48 1
24 Octobre 4 8 12 25 45 2
26 Octobre 7 8 12 22 33 5
28 Octobre 2 19 25 30 43 9
31 Octobre 9 13 22 28 35 5