1 Janvier 6 26 34 37 39 7
4 Janvier 1 6 16 29 45 5
6 Janvier 13 17 19 29 30 9
8 Janvier 4 14 29 42 45 8
11 Janvier 8 18 25 35 39 9
13 Janvier 3 20 29 33 47 4
15 Janvier 7 20 30 35 37 6
18 Janvier 1 2 37 43 47 8
20 Janvier 1 10 35 40 42 5
22 Janvier 1 22 38 40 42 7
25 Janvier 14 17 18 30 37 5
27 Janvier 1 19 33 46 48 4
29 Janvier 2 6 8 25 35 8
1 Février 2 10 21 41 48 6
3 Février 1 5 13 33 44 2
5 Février 2 7 16 41 48 8
8 Février 6 7 14 38 39 7
10 Février 11 17 18 41 45 2
12 Février 7 10 15 16 48 7
14 Février 8 18 24 44 47 7
15 Février 4 12 18 33 49 9
17 Février 1 9 20 23 32 1
19 Février 25 27 32 44 47 7
22 Février 1 26 30 32 48 10
24 Février 5 8 18 21 38 7
26 Février 5 19 22 33 41 1
1 Mars 4 5 15 17 20 5
3 Mars 21 28 36 40 41 10
5 Mars 1 12 31 32 42 1
8 Mars 6 15 35 40 46 7
10 Mars 4 6 16 30 43 9
12 Mars 1 20 25 36 42 10
15 Mars 5 15 26 30 37 4
17 Mars 8 19 22 33 45 6
19 Mars 5 19 26 27 28 9
22 Mars 4 14 20 26 49 2
24 Mars 18 21 37 39 41 9
26 Mars 11 21 38 40 47 6
29 Mars 12 19 28 29 45 4
31 Mars 2 6 7 28 32 4
2 Avril 6 16 28 34 41 4
5 Avril 9 13 22 40 45 5
7 Avril 11 13 23 31 42 4
9 Avril 12 14 28 38 39 10
12 Avril 5 10 16 34 42 10
14 Avril 7 11 14 43 45 3
16 Avril 8 12 25 26 49 1
19 Avril 12 21 22 40 45 8
21 Avril 9 18 20 27 38 1
23 Avril 3 10 29 30 39 10
26 Avril 2 3 14 38 43 4
28 Avril 19 32 36 45 49 7
30 Avril 19 23 32 35 43 10
3 Mai 5 11 16 36 41 5
5 Mai 2 16 19 28 37 10
7 Mai 1 6 11 46 47 5
10 Mai 6 15 17 21 37 4
12 Mai 2 12 33 36 43 5
14 Mai 5 6 21 25 33 1
17 Mai 32 37 41 43 48 7
19 Mai 8 9 40 41 49 3
21 Mai 1 9 23 35 49 1
24 Mai 17 18 24 39 40 1
26 Mai 3 8 32 39 40 1
28 Mai 8 9 26 46 48 7
31 Mai 2 14 16 28 40 1
2 Juin 22 26 35 41 47 5
4 Juin 3 8 22 36 43 3
7 Juin 5 21 37 38 45 2
9 Juin 10 34 35 45 47 9
11 Juin 9 15 22 32 42 6
13 Juin 3 40 42 46 48 4
14 Juin 5 7 18 24 34 5
16 Juin 3 5 16 37 42 1
18 Juin 9 13 18 30 47 3
21 Juin 3 11 29 30 32 1
23 Juin 4 31 32 38 40 4
25 Juin 4 5 23 30 41 4
28 Juin 13 22 24 40 43 3
30 Juin 5 24 27 46 47 2
2 Juillet 8 27 36 39 47 3
5 Juillet 3 7 11 25 33 6
7 Juillet 13 14 31 32 41 10
9 Juillet 4 6 8 34 36 5
12 Juillet 1 13 22 23 29 1
14 Juillet 21 32 37 38 41 9
16 Juillet 3 28 36 42 49 7
19 Juillet 8 29 43 44 45 6
21 Juillet 3 9 10 21 27 4
23 Juillet 1 8 15 24 32 6
26 Juillet 1 5 22 41 43 4
28 Juillet 1 14 42 43 45 9
30 Juillet 7 8 9 13 25 9
2 Aout 4 8 25 32 41 10
4 Aout 16 24 28 36 43 6
6 Aout 13 15 21 34 41 8
9 Aout 4 5 9 21 34 7
11 Aout 11 25 32 36 46 7
13 Aout 3 13 18 28 43 5
16 Aout 9 22 23 37 40 4
18 Aout 1 19 24 45 46 3
20 Aout 15 22 31 33 41 4
23 Aout 7 17 21 26 29 7
25 Aout 9 26 31 43 45 1
27 Aout 4 14 22 32 44 2
30 Aout 6 25 30 36 40 8
1 Septembre 16 22 38 42 47 1
3 Septembre 4 10 13 20 38 4
6 Septembre 3 13 14 15 42 7
8 Septembre 1 17 40 42 43 10
10 Septembre 6 16 26 31 40 7
13 Septembre 7 23 27 28 33 1
15 Septembre 2 10 16 35 44 6
17 Septembre 3 6 10 18 23 4
20 Septembre 22 25 31 34 46 6
22 Septembre 1 13 26 31 44 6
24 Septembre 10 16 25 38 49 9
27 Septembre 9 26 29 35 38 5
29 Septembre 4 17 28 33 41 5
1 Octobre 16 17 27 42 44 8
4 Octobre 12 14 29 41 45 7
6 Octobre 9 20 22 40 46 7
8 Octobre 4 13 21 23 43 10
11 Octobre 10 15 19 24 28 9
13 Octobre 1 12 15 29 30 1
15 Octobre 9 28 37 41 46 10
18 Octobre 1 15 24 27 43 7
20 Octobre 13 21 26 30 40 5
22 Octobre 10 19 33 35 47 2
25 Octobre 14 24 39 47 49 4
27 Octobre 12 13 28 32 33 6
29 Octobre 6 17 18 29 32 9
1 Novembre 2 9 29 36 48 10
3 Novembre 18 24 34 44 45 8
5 Novembre 1 24 27 37 46 1
8 Novembre 7 14 27 40 46 5
10 Novembre 6 18 23 24 30 7
12 Novembre 13 19 23 27 40 5
15 Novembre 3 16 23 28 39 10
17 Novembre 16 23 35 47 48 10
19 Novembre 13 14 18 29 41 3
22 Novembre 1 9 22 26 44 10
24 Novembre 17 18 32 47 49 3
26 Novembre 5 12 20 34 47 3
29 Novembre 2 18 44 47 49 2
1 Décembre 40 43 44 48 49 8
3 Décembre 11 26 28 31 49 7
6 Décembre 10 18 20 37 43 8
8 Décembre 10 14 32 43 47 10
10 Décembre 3 8 11 16 27 6
13 Décembre 10 13 20 38 43 1
15 Décembre 15 23 41 42 47 4
17 Décembre 6 8 13 32 46 10
20 Décembre 10 19 21 22 26 9
22 Décembre 6 16 23 34 35 8
24 Décembre 4 18 22 31 36 7
27 Décembre 4 20 34 39 48 10
29 Décembre 26 27 30 44 49 1
31 Décembre 34 37 41 43 46 10