2 Janvier 10 19 37 44 46 10
4 Janvier 15 23 34 40 43 3
6 Janvier 2 5 14 22 49 4
9 Janvier 4 22 39 45 49 6
11 Janvier 14 19 29 41 43 9
13 Janvier 3 11 30 33 35 2
16 Janvier 13 17 26 27 45 6
18 Janvier 1 2 3 5 10 4
20 Janvier 9 21 31 34 42 8
23 Janvier 3 15 33 41 42 3
25 Janvier 4 10 12 38 41 3
27 Janvier 31 32 37 44 48 9
30 Janvier 1 3 11 31 49 1
1 Février 13 18 36 40 48 4
3 Février 5 24 25 28 44 3
6 Février 2 25 28 41 44 9
8 Février 1 11 28 30 39 6
10 Février 1 27 44 46 48 10
13 Février 10 27 30 38 41 4
15 Février 4 10 21 37 38 5
17 Février 2 17 29 34 40 10
20 Février 9 20 33 34 41 8
22 Février 2 5 23 26 48 5
24 Février 1 18 20 44 49 7
27 Février 10 11 13 28 47 6
29 Février 1 3 13 24 45 1
2 Mars 20 34 40 44 48 2
5 Mars 5 14 23 34 49 6
7 Mars 6 11 12 41 49 1
9 Mars 19 20 22 40 41 2
12 Mars 9 17 25 27 46 6
14 Mars 14 19 27 36 39 8
16 Mars 7 9 11 18 43 10
19 Mars 4 13 18 36 49 5
21 Mars 3 10 34 37 42 2
23 Mars 5 8 14 17 19 9
26 Mars 1 3 14 17 20 1
28 Mars 2 4 15 26 28 2
30 Mars 20 23 35 43 46 6
2 Avril 18 19 22 29 34 1
4 Avril 7 8 11 36 48 3
6 Avril 19 21 24 28 44 5
9 Avril 14 16 39 42 49 6
11 Avril 4 25 26 29 34 2
13 Avril 2 4 31 34 49 4
16 Avril 25 33 36 39 40 9
18 Avril 24 26 29 38 47 7
20 Avril 12 13 15 36 41 9
23 Avril 2 15 17 22 26 7
25 Avril 13 18 19 22 39 6
27 Avril 9 25 36 44 45 10
30 Avril 2 29 30 36 49 7
2 Mai 26 36 43 47 48 6
4 Mai 7 8 15 24 42 9
7 Mai 14 20 33 35 42 4
9 Mai 4 11 14 24 29 1
11 Mai 15 19 29 31 44 10
13 Mai 3 15 42 44 46 7
14 Mai 1 27 28 30 42 5
16 Mai 6 16 31 36 38 1
18 Mai 1 22 38 40 49 9
21 Mai 12 23 26 41 48 4
23 Mai 7 22 26 41 48 2
25 Mai 4 12 20 21 36 3
28 Mai 1 3 13 14 19 6
30 Mai 6 7 13 38 40 3
1 Juin 22 26 27 35 44 10
4 Juin 2 16 19 25 39 1
6 Juin 23 25 32 47 48 5
8 Juin 6 8 33 45 49 9
11 Juin 7 17 22 44 46 6
13 Juin 5 8 21 28 36 8
15 Juin 2 5 8 33 34 10
18 Juin 10 18 20 33 39 3
20 Juin 4 13 38 43 45 10
22 Juin 4 5 10 27 36 9
25 Juin 16 19 20 35 49 3
27 Juin 8 22 23 24 41 7
29 Juin 9 14 17 22 48 10
2 Juillet 8 16 17 24 31 5
4 Juillet 10 12 22 25 47 1
6 Juillet 13 16 26 38 47 8
9 Juillet 3 6 15 39 46 10
11 Juillet 2 25 27 35 36 4
13 Juillet 7 28 30 34 47 10
16 Juillet 11 21 45 46 48 4
18 Juillet 2 20 25 29 39 7
20 Juillet 1 13 29 32 46 1
23 Juillet 2 15 21 27 33 10
25 Juillet 1 3 5 29 46 4
27 Juillet 7 8 19 34 44 6
30 Juillet 9 22 23 30 46 9
1 Aout 24 29 36 42 45 7
3 Aout 18 24 27 39 44 3
6 Aout 7 12 25 31 44 10
8 Aout 1 2 3 26 36 7
10 Aout 7 17 19 30 49 3
13 Aout 1 6 9 33 46 6
15 Aout 16 25 26 27 31 7
17 Aout 12 21 24 35 40 4
20 Aout 10 15 28 35 43 9
22 Aout 12 21 34 42 44 7
24 Aout 3 4 34 41 42 2
27 Aout 2 21 23 31 45 8
29 Aout 25 36 44 48 49 2
31 Aout 10 12 19 26 47 1
3 Septembre 24 36 45 47 49 5
5 Septembre 7 30 42 43 48 4
7 Septembre 13 26 34 38 42 9
10 Septembre 19 29 31 38 46 6
12 Septembre 5 6 11 13 22 10
14 Septembre 7 18 29 37 47 7
16 Septembre 7 14 23 31 36 2
17 Septembre 3 4 12 25 34 2
19 Septembre 18 20 37 41 45 10
21 Septembre 13 15 20 30 40 10
24 Septembre 31 32 33 41 43 10
26 Septembre 4 19 23 26 27 7
28 Septembre 29 42 44 45 46 3
1 Octobre 8 13 16 23 42 1
3 Octobre 7 8 22 43 46 10
5 Octobre 2 15 18 28 43 3
8 Octobre 5 26 28 35 46 9
10 Octobre 3 9 18 19 48 2
12 Octobre 2 19 23 34 47 2
15 Octobre 30 32 39 41 47 7
17 Octobre 8 22 31 39 48 4
19 Octobre 26 28 29 32 38 1
22 Octobre 3 29 35 41 43 8
24 Octobre 17 18 23 29 36 7
26 Octobre 1 20 35 40 46 10
29 Octobre 14 21 26 36 44 4
31 Octobre 11 16 29 35 41 4
2 Novembre 1 7 14 26 49 10
5 Novembre 6 16 21 34 42 5
7 Novembre 1 6 21 31 46 6
9 Novembre 3 8 14 22 47 5
12 Novembre 2 11 16 19 29 8
14 Novembre 6 14 16 26 41 2
16 Novembre 1 24 26 37 48 7
19 Novembre 34 36 41 46 48 7
21 Novembre 3 7 12 18 45 8
23 Novembre 2 7 12 25 47 7
26 Novembre 6 9 11 21 44 7
28 Novembre 10 20 38 41 45 6
30 Novembre 3 9 31 33 40 5
3 Décembre 4 11 13 38 44 7
5 Décembre 6 23 26 29 30 4
7 Décembre 2 5 7 44 45 3
10 Décembre 24 27 28 41 43 9
12 Décembre 6 11 12 14 36 6
14 Décembre 9 10 14 44 46 7
17 Décembre 2 5 13 16 32 5
19 Décembre 3 17 26 40 41 7
21 Décembre 17 22 25 39 42 6
24 Décembre 7 20 22 35 48 1
26 Décembre 3 16 27 29 37 6
28 Décembre 15 16 34 35 39 4
31 Décembre 4 33 43 45 49 8