1 Janvier 7 9 10 14 43 1
3 Janvier 4 23 27 34 44 4
6 Janvier 6 17 31 40 45 9
8 Janvier 8 37 43 44 45 2
10 Janvier 7 9 16 18 49 3
13 Janvier 20 31 35 36 48 10
15 Janvier 2 5 15 22 28 2
17 Janvier 4 16 25 40 49 3
20 Janvier 27 32 38 44 46 7
22 Janvier 1 11 14 16 31 2
24 Janvier 9 23 28 35 37 5
27 Janvier 9 10 34 39 45 10
29 Janvier 11 21 27 32 36 6
31 Janvier 4 16 26 29 49 1
3 Février 9 13 22 23 38 4
5 Février 1 7 29 30 45 7
7 Février 13 17 33 44 48 3
10 Février 2 19 31 40 42 5
12 Février 3 27 32 35 48 9
14 Février 3 5 13 19 44 4
17 Février 14 22 38 48 49 9
19 Février 8 9 28 29 32 2
21 Février 2 12 16 28 41 1
24 Février 6 9 12 31 43 3
26 Février 13 34 37 39 42 3
28 Février 5 28 31 42 49 7
3 Mars 2 3 4 8 31 9
5 Mars 17 25 38 41 44 9
7 Mars 6 13 18 36 37 5
10 Mars 5 18 21 23 47 6
12 Mars 7 10 13 27 38 8
14 Mars 3 4 13 36 46 10
17 Mars 13 30 36 43 48 9
19 Mars 15 20 24 27 46 10
21 Mars 21 29 30 31 45 2
24 Mars 11 26 31 35 44 9
26 Mars 4 10 17 27 37 10
28 Mars 5 15 39 43 45 10
31 Mars 2 18 31 41 42 8
2 Avril 13 14 18 28 34 2
4 Avril 19 22 36 40 45 6
7 Avril 7 10 26 34 45 7
9 Avril 1 20 28 32 42 6
11 Avril 1 17 32 40 46 8
13 Avril 21 23 30 38 44 9
14 Avril 1 5 24 36 49 7
16 Avril 6 16 21 25 26 5
18 Avril 11 17 18 38 46 8
21 Avril 2 11 20 26 39 5
23 Avril 2 20 29 32 33 8
25 Avril 5 10 21 23 36 1
28 Avril 14 31 36 40 47 2
30 Avril 7 36 43 48 49 7
2 Mai 1 8 10 14 21 10
5 Mai 9 15 30 41 47 5
7 Mai 10 13 23 43 46 6
9 Mai 5 10 23 34 35 6
12 Mai 5 6 9 23 47 10
14 Mai 1 5 23 33 40 8
16 Mai 7 23 37 41 44 8
19 Mai 5 12 30 45 47 9
21 Mai 4 5 16 20 46 5
23 Mai 3 14 25 29 36 9
26 Mai 2 3 24 26 43 8
28 Mai 10 21 23 25 35 10
30 Mai 4 33 36 41 44 6
2 Juin 7 13 18 31 35 4
4 Juin 8 16 35 38 48 2
6 Juin 5 6 33 43 47 2
9 Juin 5 7 9 12 16 10
11 Juin 14 25 41 44 49 4
13 Juin 15 20 29 48 49 1
16 Juin 8 17 19 35 43 9
18 Juin 2 7 13 34 44 8
20 Juin 6 8 30 33 43 3
23 Juin 10 32 36 41 49 10
25 Juin 9 13 14 21 32 5
27 Juin 8 9 11 26 41 10
30 Juin 5 23 29 36 45 7
2 Juillet 16 36 38 45 48 8
4 Juillet 16 20 23 41 45 5
7 Juillet 3 10 11 34 41 10
9 Juillet 9 19 21 36 40 1
11 Juillet 1 11 22 42 46 4
13 Juillet 12 13 21 44 49 10
14 Juillet 3 20 37 45 47 3
16 Juillet 3 9 16 31 36 1
18 Juillet 18 26 27 35 43 7
21 Juillet 1 9 18 28 44 10
23 Juillet 7 11 20 40 41 6
25 Juillet 20 22 27 30 35 3
28 Juillet 7 13 18 21 23 10
30 Juillet 7 13 33 41 43 2
1 Aout 15 17 35 45 47 4
4 Aout 9 23 32 38 41 3
6 Aout 4 23 30 32 37 6
8 Aout 5 15 19 24 29 8
11 Aout 14 27 41 44 46 5
13 Aout 2 10 19 21 40 6
15 Aout 6 21 27 40 47 8
18 Aout 16 31 33 37 49 8
20 Aout 15 18 40 42 48 10
22 Aout 6 12 16 40 42 3
25 Aout 6 15 16 29 44 3
27 Aout 10 17 18 24 40 2
29 Aout 17 19 31 40 45 1
1 Septembre 11 32 35 41 42 6
3 Septembre 1 2 15 18 41 10
5 Septembre 6 7 15 34 39 1
8 Septembre 6 19 20 22 34 10
10 Septembre 19 20 27 38 46 10
12 Septembre 4 11 24 33 35 9
14 Septembre 4 19 22 30 45 7
15 Septembre 1 11 13 26 46 5
17 Septembre 8 15 26 42 43 5
19 Septembre 4 15 25 27 42 5
22 Septembre 14 18 37 38 39 9
24 Septembre 6 8 12 17 30 3
26 Septembre 10 15 18 36 40 3
29 Septembre 7 10 15 17 31 4
1 Octobre 1 2 6 7 40 4
3 Octobre 11 20 24 31 32 8
6 Octobre 1 8 39 48 49 9
8 Octobre 1 4 23 24 46 2
10 Octobre 4 5 24 29 38 3
13 Octobre 1 4 22 36 45 8
15 Octobre 8 14 19 25 49 5
17 Octobre 2 7 13 33 41 1
20 Octobre 7 12 17 31 48 8
22 Octobre 4 10 19 29 47 6
24 Octobre 9 28 34 36 45 6
27 Octobre 21 26 29 35 36 9
29 Octobre 9 22 24 42 43 7
31 Octobre 2 14 28 34 38 4
3 Novembre 6 8 9 29 39 2
5 Novembre 9 11 29 32 39 8
7 Novembre 3 6 20 27 33 8
10 Novembre 18 20 30 43 44 7
12 Novembre 13 14 15 21 37 7
14 Novembre 15 36 41 48 49 5
17 Novembre 12 20 22 27 42 7
19 Novembre 20 21 28 33 46 7
21 Novembre 20 21 22 23 45 10
24 Novembre 5 10 11 15 22 5
26 Novembre 14 21 30 34 36 2
28 Novembre 3 10 15 30 38 6
1 Décembre 3 6 15 23 39 2
3 Décembre 1 9 15 19 39 5
5 Décembre 6 17 18 19 41 9
8 Décembre 11 14 25 29 38 8
10 Décembre 8 13 16 34 37 10
12 Décembre 12 21 39 44 45 5
15 Décembre 1 3 30 32 38 6
17 Décembre 2 9 25 30 35 9
19 Décembre 3 10 11 21 25 3
22 Décembre 11 22 31 44 46 5
24 Décembre 10 22 34 43 46 2
26 Décembre 5 9 11 24 45 10
29 Décembre 12 26 30 38 42 5
31 Décembre 14 24 27 34 43 10