1 Janvier 43 49 46 34 11 3
3 Janvier 34 37 10 18 30 2
5 Janvier 27 47 4 5 32 5
8 Janvier 47 34 12 30 31 10
10 Janvier 35 33 40 37 11 4
12 Janvier 41 40 30 28 17 7
15 Janvier 26 43 6 36 29 8
17 Janvier 48 49 36 24 21 5
19 Janvier 36 4 12 13 1 4
22 Janvier 13 27 6 31 8 7
24 Janvier 3 39 6 48 9 4
26 Janvier 23 45 6 48 17 1
29 Janvier 14 33 44 31 12 8
31 Janvier 20 10 13 43 3 5
2 Février 27 6 44 23 22 3
5 Février 31 22 37 6 1 7
7 Février 6 8 49 35 25 1
9 Février 15 31 41 27 43 7
12 Février 13 38 2 45 4 2
14 Février 31 35 40 9 48 1
16 Février 44 35 32 8 33 9
19 Février 25 2 49 32 1 6
21 Février 36 20 21 9 46 6
23 Février 5 2 33 21 28 10
26 Février 35 24 10 26 48 1
28 Février 20 49 40 17 31 6
2 Mars 20 22 40 2 3 7
5 Mars 11 45 44 27 31 2
7 Mars 7 38 23 9 17 5
9 Mars 9 43 3 29 15 8
12 Mars 15 34 22 33 16 9
14 Mars 32 38 36 34 27 7
16 Mars 23 20 32 7 14 4
19 Mars 26 10 11 23 1 8
21 Mars 28 23 3 40 31 1
23 Mars 13 4 24 21 10 5
26 Mars 17 26 34 4 30 9
28 Mars 15 10 16 46 43 1
30 Mars 15 23 27 43 29 10
2 Avril 5 24 7 46 35 3
4 Avril 12 23 37 13 10 7
6 Avril 12 19 1 32 44 3
9 Avril 6 20 31 22 41 8
11 Avril 13 47 22 3 32 6
13 Avril 38 6 33 43 23 1
16 Avril 17 35 24 47 6 8
18 Avril 6 10 22 7 21 5
20 Avril 15 41 18 17 33 9
23 Avril 40 21 28 32 8 9
25 Avril 18 2 21 34 10 2
27 Avril 5 26 14 28 23 6
30 Avril 8 49 42 9 2 3
2 Mai 25 23 4 1 40 2
4 Mai 44 29 11 7 13 2
7 Mai 42 28 37 38 3 8
9 Mai 13 48 3 26 22 7
11 Mai 45 14 26 28 38 5
14 Mai 38 31 35 42 3 8
16 Mai 41 43 9 11 46 8
18 Mai 27 23 16 17 47 1
21 Mai 27 15 35 5 14 10
23 Mai 15 29 38 19 33 3
25 Mai 14 45 34 27 38 3
28 Mai 2 5 3 1 43 9
30 Mai 14 22 47 20 21 9
1 Juin 30 45 32 25 26 5
4 Juin 35 4 27 15 3 2
6 Juin 10 30 45 22 13 1
8 Juin 20 16 40 11 24 5
11 Juin 39 32 44 37 5 5
13 Juin 22 3 18 17 28 6
15 Juin 47 41 9 37 36 8
18 Juin 9 12 43 46 33 10
20 Juin 27 2 23 8 36 9
22 Juin 33 21 26 28 22 5
25 Juin 39 43 10 17 6 3
27 Juin 43 5 14 20 12 3
29 Juin 38 11 37 1 18 4
2 Juillet 49 11 26 1 7 5
4 Juillet 14 46 31 25 37 4
6 Juillet 9 33 10 24 3 6
9 Juillet 15 4 31 45 44 6
11 Juillet 7 43 23 48 47 9
13 Juillet 4 46 41 12 16 6
16 Juillet 27 35 42 18 37 3
18 Juillet 19 5 38 47 26 7
20 Juillet 26 45 18 23 6 6
23 Juillet 43 32 18 13 46 5
25 Juillet 38 22 3 11 41 7
27 Juillet 6 11 7 5 4 10
30 Juillet 8 41 20 46 12 1
1 Aout 32 37 43 10 25 3
3 Aout 20 4 19 17 5 10
6 Aout 17 13 15 4 39 4
8 Aout 18 12 1 26 30 9
10 Aout 28 4 27 29 38 2
13 Aout 3 13 4 41 5 9
15 Aout 23 3 8 4 1 8
17 Aout 8 49 29 45 3 9
20 Aout 21 40 49 31 22 4
22 Aout 40 36 38 44 17 1
24 Aout 3 36 47 4 17 4
27 Aout 27 21 19 13 45 2
29 Aout 46 30 12 3 10 2
31 Aout 7 42 39 9 5 3
3 Septembre 42 41 7 13 47 5
5 Septembre 7 17 22 10 23 5
7 Septembre 13 40 41 3 12 7
10 Septembre 15 1 28 24 10 5
12 Septembre 13 45 18 32 30 2
14 Septembre 14 42 5 16 11 3
17 Septembre 15 40 1 23 2 4
19 Septembre 13 1 27 48 35 7
21 Septembre 40 20 46 19 16 4
24 Septembre 36 4 41 33 40 6
26 Septembre 11 44 33 4 49 9
28 Septembre 16 42 36 3 8 3
1 Octobre 25 38 14 32 15 3
3 Octobre 40 28 27 12 4 1
5 Octobre 20 2 7 42 27 5
8 Octobre 31 44 21 30 22 7
10 Octobre 15 47 16 45 3 7
12 Octobre 12 9 20 30 25 5
15 Octobre 13 37 27 5 39 3
17 Octobre 14 13 18 4 48 10
19 Octobre 38 35 23 3 44 8
22 Octobre 45 44 32 29 6 7
24 Octobre 15 18 17 5 31 7
26 Octobre 35 6 2 3 20 1
29 Octobre 12 17 46 42 38 8
31 Octobre 24 13 47 37 21 7
2 Novembre 2 38 44 35 42 9
5 Novembre 38 2 13 32 20 10
7 Novembre 18 47 11 2 30 5
9 Novembre 17 8 23 12 37 2
12 Novembre 44 48 13 33 12 7
14 Novembre 25 43 18 22 3 7
16 Novembre 37 41 27 17 12 10
19 Novembre 45 37 22 33 34 5
21 Novembre 46 33 31 49 18 1
23 Novembre 39 16 6 10 21 5
26 Novembre 47 31 16 3 39 1
28 Novembre 11 24 1 15 2 9
30 Novembre 29 2 42 49 4 2
3 Décembre 31 6 49 34 26 1
5 Décembre 43 47 38 36 30 5
7 Décembre 32 35 31 48 8 1
10 Décembre 14 43 26 30 28 8
12 Décembre 48 29 1 25 16 1
14 Décembre 42 14 21 33 48 1
17 Décembre 41 9 37 38 34 5
19 Décembre 42 23 13 35 26 5
21 Décembre 27 42 33 45 37 2
24 Décembre 7 10 28 11 12 8
26 Décembre 36 43 42 23 28 4
28 Décembre 39 41 16 31 36 5
31 Décembre 32 35 17 28 2 2